0 0 0 -6.387278103912898
0 0 1 -6.127521362868977
0 0 2 -6.323336123451179
0 0 3 -6.125795101291217
0 2 0 -5.278386367134434
0 2 1 -5.310207877604967
0 2 2 -5.217028399326139
0 2 3 -5.217029290260591
0 3 0 -4.982976799545136
0 3 1 -4.867811268624385
0 3 2 -4.867811268624385
0 3 3 -4.685589999999996
0 5 0 -2.709999989823898
0 5 1 -2.7099999999185393
0 5 2 -1.9
0 5 3 -3.4389999966770275
0 6 0 -2.709999999001559
0 6 1 -1.8999999925452795
0 6 2 -1.0
0 6 3 -2.7099998633984
0 7 0 0.0
0 7 1 0.0
0 7 2 0.0
0 7 3 0.0
1 0 0 -6.125795107497981
1 0 1 -6.513215075722863
1 0 2 -5.6953279000000006
1 0 3 -6.125795109979984
1 1 0 -6.125795109930883
1 1 1 -5.695327899986339
1 1 2 -5.217031
1 1 3 -5.6953278999972685
1 2 0 -5.695327899999564
1 2 1 -5.695317732225429
1 2 2 -4.68559
1 2 3 -5.217030999221301
1 3 0 -5.217030997770034
1 3 1 -5.217030993297359
1 3 2 -4.0951
1 3 3 -4.68559
1 4 0 -4.68558999997017
1 4 1 -4.095099996750848
1 4 2 -3.439
1 4 3 -4.09509999935017
1 5 0 -4.095099880387222
1 5 1 -2.71
1 5 2 -2.71
1 5 3 -3.438999691298075
1 6 0 -2.8185374720000005
1 6 1 -1.9
1 6 2 -2.610624
1 6 3 -2.6900998932044877
